   1.1025652e+00   6.8376799e-02   1.0000000e+00
   1.2532967e+00   1.6886450e-01   1.0000000e+00
   1.3304945e+00   2.2032964e-01   1.0000000e+00
   1.0797932e+00   5.2292814e-02   2.0000000e+00
   1.2346221e+00   1.5772462e-01   2.0000000e+00
   1.2713883e+00   1.8276077e-01   2.0000000e+00
   1.0594997e+00   3.7205759e-02   3.0000000e+00
   1.1266440e+00   8.3900559e-02   3.0000000e+00
   1.1984903e+00   1.3386529e-01   3.0000000e+00
   1.0735092e+00   4.5809365e-02   4.0000000e+00
   1.1734621e+00   1.1678798e-01   4.0000000e+00
   1.2114962e+00   1.4379681e-01   4.0000000e+00
   1.0452781e+00   2.4126929e-02   5.0000000e+00
   1.0838655e+00   5.2103142e-02   5.0000000e+00
   1.1589143e+00   1.0651422e-01   5.0000000e+00
   1.0847787e+00   5.1643982e-02   6.0000000e+00
   1.1874722e+00   1.2764867e-01   6.0000000e+00
   1.2732788e+00   1.9115508e-01   6.0000000e+00
   1.0550043e+00   2.7954368e-02   7.0000000e+00
   1.1650308e+00   1.1107216e-01   7.0000000e+00
   1.2687979e+00   1.8946144e-01   7.0000000e+00
   1.0556611e+00   2.6723272e-02   8.0000000e+00
   1.1666130e+00   1.1226572e-01   8.0000000e+00
   1.1906968e+00   1.3083405e-01   8.0000000e+00
   1.1055345e+00   6.4149483e-02   9.0000000e+00
   1.1406156e+00   9.1750472e-02   9.0000000e+00
   1.3199183e+00   2.3282179e-01   9.0000000e+00
   1.0411256e+00   1.1340207e-02   1.0000000e+01
   1.0913037e+00   5.1623851e-02   1.0000000e+01
   1.3368084e+00   2.4871829e-01   1.0000000e+01
   1.0852628e+00   4.5266042e-02   1.1000000e+01
   1.1023784e+00   5.9285454e-02   1.1000000e+01
   1.1973975e+00   1.3711604e-01   1.1000000e+01
   1.0866950e+00   4.4870748e-02   1.2000000e+01
   1.1895137e+00   1.3079222e-01   1.2000000e+01
   1.3248363e+00   2.4387598e-01   1.2000000e+01
   1.1109193e+00   6.3867965e-02   1.3000000e+01
   1.1991861e+00   1.3911452e-01   1.3000000e+01
   1.3496986e+00   2.6742491e-01   1.3000000e+01
   1.1793033e+00   1.2200833e-01   1.4000000e+01
   1.2311750e+00   1.6711616e-01   1.4000000e+01
   1.2343929e+00   1.6991445e-01   1.4000000e+01
   1.1603767e+00   1.0500172e-01   1.5000000e+01
   1.2156020e+00   1.5398735e-01   1.5000000e+01
   1.3934726e+00   3.1176094e-01   1.5000000e+01
   1.1515046e+00   9.6357791e-02   1.6000000e+01
   1.2258660e+00   1.6363475e-01   1.6000000e+01
   1.4252483e+00   3.4402168e-01   1.6000000e+01
   1.1830084e+00   1.2458066e-01   1.7000000e+01
   1.1908263e+00   1.3179472e-01   1.7000000e+01
   1.4203372e+00   3.4357877e-01   1.7000000e+01
   1.1436486e+00   8.7193996e-02   1.8000000e+01
   1.1933929e+00   1.3400961e-01   1.8000000e+01
   1.3182407e+00   2.5150710e-01   1.8000000e+01
   1.0799247e+00   2.4883348e-02   1.9000000e+01
   1.1764530e+00   1.1753430e-01   1.9000000e+01
   1.3007603e+00   2.3684845e-01   1.9000000e+01
   1.0889388e+00   3.1264762e-02   2.0000000e+01
   1.1191610e+00   6.0849049e-02   2.0000000e+01
   1.2868093e+00   2.2495910e-01   2.0000000e+01
   1.0898617e+00   2.9811780e-02   2.1000000e+01
   1.1625066e+00   1.0233517e-01   2.1000000e+01
   1.2019221e+00   1.4168478e-01   2.1000000e+01
   1.0752951e+00   1.2518211e-02   2.2000000e+01
   1.2043941e+00   1.4395977e-01   2.2000000e+01
   1.2939187e+00   2.3510892e-01   2.2000000e+01
   1.0850750e+00   1.9806827e-02   2.3000000e+01
   1.2831910e+00   2.2552347e-01   2.3000000e+01
   1.4528169e+00   4.0165702e-01   2.3000000e+01
   1.0918994e+00   2.4250429e-02   2.4000000e+01
   1.2634788e+00   2.0595311e-01   2.4000000e+01
   1.4596332e+00   4.1368073e-01   2.4000000e+01
   1.1000855e+00   3.0334337e-02   2.5000000e+01
   1.1791866e+00   1.1576904e-01   2.5000000e+01
   1.2577951e+00   2.0067173e-01   2.5000000e+01
   1.0881852e+00   1.4524681e-02   2.6000000e+01
   1.1117111e+00   4.0440635e-02   2.6000000e+01
   1.1423875e+00   7.4233484e-02   2.6000000e+01
   1.1184446e+00   4.5442986e-02   2.7000000e+01
   1.1645998e+00   9.7302283e-02   2.7000000e+01
   1.2478709e+00   1.9086444e-01   2.7000000e+01
   1.0951119e+00   1.6173232e-02   2.8000000e+01
   1.2526919e+00   1.9677079e-01   2.8000000e+01
   1.3258616e+00   2.8062831e-01   2.8000000e+01
   1.1034181e+00   2.2700981e-02   2.9000000e+01
   1.1659157e+00   9.5764784e-02   2.9000000e+01
   1.1698682e+00   1.0038557e-01   2.9000000e+01
   1.2041775e+00   1.3974552e-01   3.0000000e+01
   1.2417908e+00   1.8460295e-01   3.0000000e+01
   1.3471565e+00   3.1026179e-01   3.0000000e+01
   1.1078069e+00   2.1665459e-02   3.1000000e+01
   1.1445587e+00   6.6380851e-02   3.1000000e+01
   1.2121325e+00   1.4859682e-01   3.1000000e+01
   1.3708797e+00   3.4174238e-01   3.1000000e+01
   1.1873615e+00   1.1713635e-01   3.2000000e+01
   1.2064069e+00   1.4077855e-01   3.2000000e+01
   1.4301800e+00   4.1856107e-01   3.2000000e+01
   1.5497217e+00   5.6695521e-01   3.2000000e+01
   1.1819607e+00   1.0888124e-01   3.3000000e+01
   1.1964750e+00   1.2726570e-01   3.3000000e+01
   1.2772028e+00   2.2951873e-01   3.3000000e+01
   1.2844273e+00   2.3866946e-01   3.3000000e+01
   1.1436141e+00   5.7666295e-02   3.4000000e+01
   1.1732439e+00   9.5964597e-02   3.4000000e+01
   1.3138847e+00   2.7775109e-01   3.4000000e+01
   1.5093212e+00   5.3036437e-01   3.4000000e+01
   1.1696162e+00   8.9195556e-02   3.5000000e+01
   1.2032335e+00   1.3354166e-01   3.5000000e+01
   1.2972302e+00   2.5753697e-01   3.5000000e+01
   1.4502321e+00   4.5936864e-01   3.5000000e+01
   1.1533404e+00   6.5086884e-02   3.6000000e+01
   1.1606822e+00   7.4972196e-02   3.6000000e+01
   1.1642970e+00   7.9839234e-02   3.6000000e+01
   1.1876350e+00   1.1126216e-01   3.6000000e+01
   1.1270811e+00   2.6225914e-02   3.7000000e+01
   1.1381148e+00   4.1391131e-02   3.7000000e+01
   1.2586063e+00   2.0700019e-01   3.7000000e+01
   1.3161279e+00   2.8606057e-01   3.7000000e+01
   1.1129130e+00   2.6843819e-03   3.8000000e+01
   1.2749957e+00   2.3012361e-01   3.8000000e+01
   1.3296589e+00   3.0682871e-01   3.8000000e+01
   1.4604259e+00   4.9032481e-01   3.8000000e+01
   1.2668905e+00   2.1906428e-01   3.9000000e+01
   1.3166767e+00   2.9039888e-01   3.9000000e+01
   1.3479989e+00   3.3527791e-01   3.9000000e+01
   1.3799340e+00   3.8103506e-01   3.9000000e+01
   1.1326846e+00   2.2950496e-02   4.0000000e+01
   1.1811508e+00   9.3868861e-02   4.0000000e+01
   1.2020993e+00   1.2452167e-01   4.0000000e+01
   1.2581729e+00   2.0657156e-01   4.0000000e+01
   1.2161215e+00   1.4366079e-01   4.1000000e+01
   1.3591949e+00   3.5749456e-01   4.1000000e+01
   1.4042322e+00   4.2480607e-01   4.1000000e+01
   1.5309004e+00   6.1412121e-01   4.1000000e+01
   1.1420869e+00   2.9142494e-02   4.2000000e+01
   1.2409676e+00   1.8011645e-01   4.2000000e+01
   1.2463715e+00   1.8836729e-01   4.2000000e+01
   1.3885021e+00   4.0537661e-01   4.2000000e+01
   1.1615731e+00   5.5496435e-02   4.3000000e+01
   1.1735510e+00   7.4182806e-02   4.3000000e+01
   1.2576999e+00   2.0546096e-01   4.3000000e+01
   1.2844155e+00   2.4713914e-01   4.3000000e+01
   1.1379693e+00   1.4300130e-02   4.4000000e+01
   1.2502374e+00   1.9329401e-01   4.4000000e+01
   1.3024712e+00   2.7657256e-01   4.4000000e+01
   1.3391632e+00   3.3507225e-01   4.4000000e+01
   1.1531602e+00   3.4484952e-02   4.5000000e+01
   1.2091576e+00   1.2574439e-01   4.5000000e+01
   1.2354459e+00   1.6858657e-01   4.5000000e+01
   1.3140580e+00   2.9670146e-01   4.5000000e+01
   1.1406214e+00   9.3664960e-03   4.6000000e+01
   1.1459480e+00   1.8241792e-02   4.6000000e+01
   1.2074112e+00   1.2065332e-01   4.6000000e+01
   1.2198038e+00   1.4130212e-01   4.6000000e+01
   1.1894861e+00   8.7730036e-02   4.7000000e+01
   1.2129349e+00   1.2768585e-01   4.7000000e+01
   1.2250829e+00   1.4838553e-01   4.7000000e+01
   1.4090421e+00   4.6184408e-01   4.7000000e+01
   1.1574554e+00   2.8681390e-02   4.8000000e+01
   1.1786119e+00   6.5556570e-02   4.8000000e+01
   1.2063830e+00   1.1396087e-01   4.8000000e+01
   1.3270151e+00   3.2421954e-01   4.8000000e+01
   1.2153204e+00   1.2718936e-01   4.9000000e+01
   1.3503634e+00   3.6801870e-01   4.9000000e+01
   1.3524267e+00   3.7169833e-01   4.9000000e+01
   1.3560843e+00   3.7822099e-01   4.9000000e+01
   1.1676783e+00   3.7741427e-02   5.0000000e+01
   1.2009738e+00   9.8511386e-02   5.0000000e+01
   1.2165155e+00   1.2687773e-01   5.0000000e+01
   1.2307804e+00   1.5291349e-01   5.0000000e+01
   1.1993316e+00   9.2177006e-02   5.1000000e+01
   1.2487203e+00   1.8446056e-01   5.1000000e+01
   1.3451865e+00   3.6470923e-01   5.1000000e+01
   1.4065573e+00   4.7938166e-01   5.1000000e+01
   1.2074616e+00   1.0421136e-01   5.2000000e+01
   1.2421192e+00   1.7052830e-01   5.2000000e+01
   1.3202408e+00   3.2001270e-01   5.2000000e+01
   1.3652136e+00   4.0606763e-01   5.2000000e+01
   1.1848532e+00   5.6557352e-02   5.3000000e+01
   1.2387127e+00   1.6213144e-01   5.3000000e+01
   1.3049628e+00   2.9199348e-01   5.3000000e+01
   1.3676725e+00   4.1491558e-01   5.3000000e+01
   1.1624546e+00   6.9393333e-03   5.4000000e+01
   1.2258629e+00   1.3430767e-01   5.4000000e+01
   1.2530206e+00   1.8885942e-01   5.4000000e+01
   1.3439102e+00   3.7142970e-01   5.4000000e+01
   1.1716198e+00   1.9808956e-02   5.5000000e+01
   1.1843164e+00   4.5953620e-02   5.5000000e+01
   1.2197059e+00   1.1882707e-01   5.5000000e+01
   1.3256162e+00   3.3691574e-01   5.5000000e+01
   1.5081769e+00   7.1284188e-01   5.5000000e+01
   1.1756118e+00   2.2409424e-02   5.6000000e+01
   1.2698419e+00   2.2139991e-01   5.6000000e+01
   1.4609839e+00   6.2504394e-01   5.6000000e+01
   1.4793595e+00   6.6384872e-01   5.6000000e+01
   1.5298398e+00   7.7045039e-01   5.6000000e+01
   1.2525868e+00   1.8326101e-01   5.7000000e+01
   1.2873947e+00   2.5867383e-01   5.7000000e+01
   1.3419195e+00   3.7680438e-01   5.7000000e+01
   1.3521633e+00   3.9899792e-01   5.7000000e+01
   1.3680966e+00   4.3351827e-01   5.7000000e+01
   1.1804413e+00   2.0994794e-02   5.8000000e+01
   1.2403547e+00   1.5422559e-01   5.8000000e+01
   1.2637095e+00   2.0616033e-01   5.8000000e+01
   1.2953183e+00   2.7644942e-01   5.8000000e+01
   1.5430085e+00   8.2724400e-01   5.8000000e+01
   1.2292462e+00   1.2615224e-01   5.9000000e+01
   1.2675025e+00   2.1350892e-01   5.9000000e+01
   1.2692327e+00   2.1745988e-01   5.9000000e+01
   1.2768346e+00   2.3481846e-01   5.9000000e+01
   1.3246656e+00   3.4403840e-01   5.9000000e+01
   1.1976974e+00   4.8554660e-02   6.0000000e+01
   1.2074276e+00   7.1381137e-02   6.0000000e+01
   1.2604093e+00   1.9567273e-01   6.0000000e+01
   1.3594435e+00   4.2800032e-01   6.0000000e+01
   1.3740281e+00   4.6221479e-01   6.0000000e+01
   1.2284464e+00   1.1682160e-01   6.1000000e+01
   1.2332141e+00   1.2831824e-01   6.1000000e+01
   1.2840621e+00   2.5093112e-01   6.1000000e+01
   1.3399938e+00   3.8580243e-01   6.1000000e+01
   1.3631430e+00   4.4162347e-01   6.1000000e+01
   1.2531869e+00   1.7406088e-01   6.2000000e+01
   1.2862562e+00   2.5607132e-01   6.2000000e+01
   1.3039435e+00   2.9993509e-01   6.2000000e+01
   1.4043358e+00   5.4890426e-01   6.2000000e+01
   1.4158087e+00   5.7735655e-01   6.2000000e+01
   1.2400599e+00   1.3796049e-01   6.3000000e+01
   1.2446443e+00   1.4965964e-01   6.3000000e+01
   1.3092463e+00   3.1452355e-01   6.3000000e+01
   1.3237426e+00   3.5151781e-01   6.3000000e+01
   1.4510700e+00   6.7645635e-01   6.3000000e+01
   1.2087868e+00   5.1994211e-02   6.4000000e+01
   1.2268478e+00   9.9453698e-02   6.4000000e+01
   1.3546119e+00   4.3518288e-01   6.4000000e+01
   1.3626294e+00   4.5625065e-01   6.4000000e+01
   1.4270525e+00   6.2553688e-01   6.4000000e+01
   1.2442717e+00   1.4152440e-01   6.5000000e+01
   1.3253617e+00   3.6107391e-01   6.5000000e+01
   1.3261279e+00   3.6314851e-01   6.5000000e+01
   1.3694521e+00   4.8044760e-01   6.5000000e+01
   1.4021609e+00   5.6900616e-01   6.5000000e+01
   1.2599932e+00   1.8143431e-01   6.6000000e+01
   1.3226281e+00   3.5628535e-01   6.6000000e+01
   1.3388130e+00   4.0146687e-01   6.6000000e+01
   1.3541296e+00   4.4422462e-01   6.6000000e+01
   1.4544272e+00   7.2421439e-01   6.6000000e+01
   1.5137340e+00   8.8977475e-01   6.6000000e+01
   1.2178022e+00   5.7039328e-02   6.7000000e+01
   1.2394811e+00   1.1948401e-01   6.7000000e+01
   1.2734150e+00   2.1722887e-01   6.7000000e+01
   1.3099928e+00   3.2258929e-01   6.7000000e+01
   1.3434708e+00   4.1902113e-01   6.7000000e+01
   1.4973098e+00   8.6214628e-01   6.7000000e+01
   1.2193600e+00   5.4611392e-02   6.8000000e+01
   1.2211671e+00   5.9986620e-02   6.8000000e+01
   1.3028518e+00   3.0295632e-01   6.8000000e+01
   1.3433595e+00   4.2344600e-01   6.8000000e+01
   1.3578536e+00   4.6655827e-01   6.8000000e+01
   1.4171885e+00   6.4304917e-01   6.8000000e+01
   1.2154531e+00   3.5208808e-02   6.9000000e+01
   1.2533421e+00   1.5168657e-01   6.9000000e+01
   1.3009415e+00   2.9801565e-01   6.9000000e+01
   1.4301186e+00   6.9512978e-01   6.9000000e+01
   1.4437235e+00   7.3695358e-01   6.9000000e+01
   1.5355356e+00   1.0192006e+00   6.9000000e+01
   1.2405421e+00   1.0666706e-01   7.0000000e+01
   1.2491613e+00   1.3407694e-01   7.0000000e+01
   1.3293673e+00   3.8913929e-01   7.0000000e+01
   1.3790819e+00   5.4723635e-01   7.0000000e+01
   1.4289947e+00   7.0596389e-01   7.0000000e+01
   1.4409845e+00   7.4409237e-01   7.0000000e+01
   1.3053667e+00   3.1402724e-01   7.1000000e+01
   1.3222785e+00   3.6971496e-01   7.1000000e+01
   1.3574259e+00   4.8544957e-01   7.1000000e+01
   1.3624151e+00   5.0187815e-01   7.1000000e+01
   1.3783163e+00   5.5423844e-01   7.1000000e+01
   1.5101299e+00   9.8827914e-01   7.1000000e+01
   1.2572006e+00   1.5086228e-01   7.2000000e+01
   1.3042815e+00   3.1155512e-01   7.2000000e+01
   1.3136649e+00   3.4358187e-01   7.2000000e+01
   1.3281329e+00   3.9296309e-01   7.2000000e+01
   1.3853584e+00   5.8828063e-01   7.2000000e+01
   1.4312994e+00   7.4508320e-01   7.2000000e+01
   1.2466402e+00   1.0852020e-01   7.3000000e+01
   1.2472078e+00   1.1053054e-01   7.3000000e+01
   1.2778532e+00   2.1906925e-01   7.3000000e+01
   1.2885763e+00   2.5704783e-01   7.3000000e+01
   1.3136623e+00   3.4589663e-01   7.3000000e+01
   1.3317009e+00   4.0978512e-01   7.3000000e+01
   1.5438075e+00   1.1610162e+00   7.3000000e+01
   1.2519273e+00   1.2116185e-01   7.4000000e+01
   1.3084505e+00   3.2914903e-01   7.4000000e+01
   1.3115581e+00   3.4058381e-01   7.4000000e+01
   1.3764767e+00   5.7946351e-01   7.4000000e+01
   1.4034745e+00   6.7880638e-01   7.4000000e+01
   1.4360269e+00   7.9858896e-01   7.4000000e+01
   1.4930791e+00   1.0085224e+00   7.4000000e+01
   1.2702607e+00   1.8473924e-01   7.5000000e+01
   1.2878870e+00   2.5221160e-01   7.5000000e+01
   1.2906578e+00   2.6281808e-01   7.5000000e+01
   1.3298319e+00   4.1277442e-01   7.5000000e+01
   1.3557284e+00   5.1190452e-01   7.5000000e+01
   1.3564358e+00   5.1461240e-01   7.5000000e+01
   1.3623641e+00   5.3730544e-01   7.5000000e+01
   1.2654541e+00   1.6132283e-01   7.6000000e+01
   1.3294890e+00   4.1668105e-01   7.6000000e+01
   1.3572611e+00   5.2743065e-01   7.6000000e+01
   1.3574011e+00   5.2798908e-01   7.6000000e+01
   1.4462967e+00   8.8248682e-01   7.6000000e+01
   1.4887679e+00   1.0518533e+00   7.6000000e+01
   1.5406034e+00   1.2585631e+00   7.6000000e+01
   1.2302273e+00   9.2671415e-03   7.7000000e+01
   1.2507523e+00   9.4665491e-02   7.7000000e+01
   1.2647203e+00   1.5278213e-01   7.7000000e+01
   1.3534621e+00   5.2201000e-01   7.7000000e+01
   1.3590764e+00   5.4536917e-01   7.7000000e+01
   1.4600851e+00   9.6563597e-01   7.7000000e+01
   1.4966997e+00   1.1179782e+00   7.7000000e+01
   1.2313908e+00   1.6991533e-03   7.8000000e+01
   1.2822036e+00   2.2265049e-01   7.8000000e+01
   1.3115931e+00   3.5044635e-01   7.8000000e+01
   1.3402071e+00   4.7486946e-01   7.8000000e+01
   1.3698340e+00   6.0369761e-01   7.8000000e+01
   1.4250841e+00   8.4394350e-01   7.8000000e+01
   1.4759462e+00   1.0651094e+00   7.8000000e+01
   1.5359602e+00   1.3260708e+00   7.8000000e+01
   1.2431606e+00   4.1706022e-02   7.9000000e+01
   1.2580841e+00   1.0964860e-01   7.9000000e+01
   1.2581547e+00   1.0996987e-01   7.9000000e+01
   1.2730006e+00   1.7755970e-01   7.9000000e+01
   1.2733477e+00   1.7913970e-01   7.9000000e+01
   1.2908287e+00   2.5872599e-01   7.9000000e+01
   1.3513197e+00   5.3412580e-01   7.9000000e+01
   1.5270641e+00   1.3342438e+00   7.9000000e+01
   1.2528266e+00   7.5592211e-02   8.0000000e+01
   1.2837123e+00   2.2311109e-01   8.0000000e+01
   1.3162309e+00   3.7842927e-01   8.0000000e+01
   1.3185751e+00   3.8962553e-01   8.0000000e+01
   1.3318136e+00   4.5285628e-01   8.0000000e+01
   1.3345825e+00   4.6608146e-01   8.0000000e+01
   1.4033580e+00   7.9457258e-01   8.0000000e+01
   1.5092461e+00   1.3003244e+00   8.0000000e+01
   1.2711812e+00   1.5658732e-01   8.1000000e+01
   1.2766368e+00   1.8398471e-01   8.1000000e+01
   1.2855307e+00   2.2864851e-01   8.1000000e+01
   1.2874405e+00   2.3823902e-01   8.1000000e+01
   1.3081932e+00   3.4245583e-01   8.1000000e+01
   1.3544048e+00   5.7452362e-01   8.1000000e+01
   1.3740784e+00   6.7332121e-01   8.1000000e+01
   1.4729611e+00   1.1698951e+00   8.1000000e+01
   1.2443653e+00   7.2262926e-03   8.2000000e+01
   1.2507155e+00   4.0837628e-02   8.2000000e+01
   1.2880251e+00   2.3831416e-01   8.2000000e+01
   1.3076268e+00   3.4206430e-01   8.2000000e+01
   1.3188957e+00   4.0170940e-01   8.2000000e+01
   1.4164681e+00   9.1815196e-01   8.2000000e+01
   1.4167400e+00   9.1959088e-01   8.2000000e+01
   1.4647991e+00   1.1739636e+00   8.2000000e+01
   1.2474620e+00   8.1779530e-03   8.3000000e+01
   1.2586289e+00   7.0642508e-02   8.3000000e+01
   1.2816185e+00   1.9924025e-01   8.3000000e+01
   1.2906523e+00   2.4977283e-01   8.3000000e+01
   1.3097354e+00   3.5651830e-01   8.3000000e+01
   1.3149686e+00   3.8579138e-01   8.3000000e+01
   1.3736919e+00   7.1427399e-01   8.3000000e+01
   1.4314836e+00   1.0375449e+00   8.3000000e+01
   1.2737801e+00   1.4693476e-01   8.4000000e+01
   1.2938633e+00   2.6601899e-01   8.4000000e+01
   1.3153444e+00   3.9339184e-01   8.4000000e+01
   1.3327445e+00   4.9656632e-01   8.4000000e+01
   1.3663343e+00   6.9573888e-01   8.4000000e+01
   1.3990876e+00   8.8995113e-01   8.4000000e+01
   1.4035335e+00   9.1631287e-01   8.4000000e+01
   1.4296896e+00   1.0714065e+00   8.4000000e+01
   1.2900389e+00   2.3990807e-01   8.5000000e+01
   1.3067266e+00   3.4515638e-01   8.5000000e+01
   1.3163531e+00   4.0586957e-01   8.5000000e+01
   1.3217045e+00   4.3962070e-01   8.5000000e+01
   1.3455646e+00   5.9010425e-01   8.5000000e+01
   1.3528479e+00   6.3603955e-01   8.5000000e+01
   1.3547304e+00   6.4791236e-01   8.5000000e+01
   1.3804580e+00   8.1017458e-01   8.5000000e+01
   1.2735485e+00   1.2490856e-01   8.6000000e+01
   1.2806707e+00   1.7287066e-01   8.6000000e+01
   1.2862428e+00   2.1039421e-01   8.6000000e+01
   1.3146632e+00   4.0178246e-01   8.6000000e+01
   1.3381821e+00   5.6016293e-01   8.6000000e+01
   1.3598642e+00   7.0617381e-01   8.6000000e+01
   1.4009866e+00   9.8309861e-01   8.6000000e+01
   1.4211607e+00   1.1189551e+00   8.6000000e+01
   1.2714372e+00   9.7043197e-02   8.7000000e+01
   1.2976985e+00   2.8670231e-01   8.7000000e+01
   1.2990562e+00   2.9650750e-01   8.7000000e+01
   1.2995377e+00   2.9998517e-01   8.7000000e+01
   1.3101272e+00   3.7646222e-01   8.7000000e+01
   1.3201913e+00   4.4914459e-01   8.7000000e+01
   1.3251842e+00   4.8520321e-01   8.7000000e+01
   1.4404586e+00   1.3177141e+00   8.7000000e+01
   1.2779355e+00   1.3183209e-01   8.8000000e+01
   1.2779863e+00   1.3222718e-01   8.8000000e+01
   1.2784277e+00   1.3566307e-01   8.8000000e+01
   1.2893938e+00   2.2102741e-01   8.8000000e+01
   1.3109351e+00   3.8871196e-01   8.8000000e+01
   1.3681675e+00   8.3422896e-01   8.8000000e+01
   1.3741225e+00   8.8058508e-01   8.8000000e+01
   1.4052019e+00   1.1225175e+00   8.8000000e+01
   1.2643208e+00   2.7073425e-03   8.9000000e+01
   1.2846826e+00   1.7455833e-01   8.9000000e+01
   1.2873914e+00   1.9742070e-01   8.9000000e+01
   1.3365736e+00   6.1251239e-01   8.9000000e+01
   1.3388230e+00   6.3149682e-01   8.9000000e+01
   1.3648652e+00   8.5129057e-01   8.9000000e+01
   1.3675237e+00   8.7372770e-01   8.9000000e+01
   1.4293948e+00   1.3959121e+00   8.9000000e+01
   1.2718338e+00   4.4538305e-02   9.0000000e+01
   1.2797540e+00   1.1751502e-01   9.0000000e+01
   1.2816733e+00   1.3519941e-01   9.0000000e+01
   1.2851802e+00   1.6751264e-01   9.0000000e+01
   1.3067892e+00   3.6661831e-01   9.0000000e+01
   1.3336466e+00   6.1408201e-01   9.0000000e+01
   1.3583225e+00   8.4144569e-01   9.0000000e+01
   1.4137855e+00   1.3524818e+00   9.0000000e+01
   1.2720707e+00   2.1001899e-02   9.1000000e+01
   1.2813360e+00   1.1497334e-01   9.1000000e+01
   1.2912988e+00   2.1601843e-01   9.1000000e+01
   1.3048970e+00   3.5393598e-01   9.1000000e+01
   1.3383213e+00   6.9293503e-01   9.1000000e+01
   1.3392019e+00   7.0186613e-01   9.1000000e+01
   1.3664653e+00   9.7837909e-01   9.1000000e+01
   1.3706048e+00   1.0203637e+00   9.1000000e+01
   1.2974622e+00   2.7583963e-01   9.2000000e+01
   1.3018017e+00   3.2477154e-01   9.2000000e+01
   1.3091480e+00   4.0761031e-01   9.2000000e+01
   1.3155868e+00   4.8021430e-01   9.2000000e+01
   1.3164346e+00   4.8977448e-01   9.2000000e+01
   1.3224127e+00   5.5718495e-01   9.2000000e+01
   1.3309974e+00   6.5398691e-01   9.2000000e+01
   1.3349383e+00   6.9842499e-01   9.2000000e+01
   1.2774735e+00   1.8702463e-02   9.3000000e+01
   1.2880257e+00   1.5263754e-01   9.3000000e+01
   1.3099620e+00   4.3106681e-01   9.3000000e+01
   1.3154965e+00   5.0131372e-01   9.3000000e+01
   1.3213010e+00   5.7498826e-01   9.3000000e+01
   1.3560058e+00   1.0154837e+00   9.3000000e+01
   1.3566304e+00   1.0234110e+00   9.3000000e+01
   1.3763201e+00   1.2733251e+00   9.3000000e+01
   1.2869687e+00   1.1564895e-01   9.4000000e+01
   1.2873609e+00   1.2134042e-01   9.4000000e+01
   1.2913380e+00   1.7906004e-01   9.4000000e+01
   1.2989613e+00   2.8969663e-01   9.4000000e+01
   1.3056457e+00   3.8670565e-01   9.4000000e+01
   1.3148563e+00   5.2037764e-01   9.4000000e+01
   1.3206015e+00   6.0375696e-01   9.4000000e+01
   1.3780266e+00   1.4371617e+00   9.4000000e+01
   1.2828442e+00   1.4299273e-02   9.5000000e+01
   1.2860313e+00   6.8285495e-02   9.5000000e+01
   1.2864410e+00   7.5225977e-02   9.5000000e+01
   1.2989176e+00   2.8656446e-01   9.5000000e+01
   1.3027847e+00   3.5206762e-01   9.5000000e+01
   1.3054136e+00   3.9659891e-01   9.5000000e+01
   1.3133857e+00   5.3163614e-01   9.5000000e+01
   1.3200409e+00   6.4436631e-01   9.5000000e+01
   1.2934328e+00   1.7147101e-01   9.6000000e+01
   1.2962051e+00   2.2784131e-01   9.6000000e+01
   1.3055993e+00   4.1886041e-01   9.6000000e+01
   1.3062317e+00   4.3172143e-01   9.6000000e+01
   1.3085932e+00   4.7973830e-01   9.6000000e+01
   1.3090572e+00   4.8917258e-01   9.6000000e+01
   1.3126977e+00   5.6319834e-01   9.6000000e+01
   1.3293682e+00   9.0217271e-01   9.6000000e+01
   1.2933720e+00   1.3658037e-01   9.7000000e+01
   1.3102020e+00   5.6447637e-01   9.7000000e+01
   1.3109979e+00   5.8471299e-01   9.7000000e+01
   1.3140314e+00   6.6183858e-01   9.7000000e+01
   1.3142234e+00   6.6671834e-01   9.7000000e+01
   1.3203244e+00   8.2183532e-01   9.7000000e+01
   1.3257100e+00   9.5876022e-01   9.7000000e+01
   1.3470675e+00   1.5017672e+00   9.7000000e+01
   1.2940023e+00   1.0179995e-01   9.8000000e+01
   1.2945850e+00   1.2155856e-01   9.8000000e+01
   1.2950561e+00   1.3753043e-01   9.8000000e+01
   1.3039518e+00   4.3915809e-01   9.8000000e+01
   1.3078602e+00   5.7168000e-01   9.8000000e+01
   1.3142084e+00   7.8692861e-01   9.8000000e+01
   1.3213323e+00   1.0284797e+00   9.8000000e+01
   1.3275911e+00   1.2406983e+00   9.8000000e+01
   1.2946382e+00   3.2466120e-02   9.9000000e+01
   1.2961478e+00   1.0925758e-01   9.9000000e+01
   1.2963349e+00   1.1877563e-01   9.9000000e+01
   1.2991012e+00   2.5949259e-01   9.9000000e+01
   1.3000281e+00   3.0664253e-01   9.9000000e+01
   1.3007177e+00   3.4172028e-01   9.9000000e+01
   1.3007247e+00   3.4207933e-01   9.9000000e+01
   1.3064956e+00   6.3563623e-01   9.9000000e+01
   1.2982450e+00   1.2667971e-01   1.0000000e+02
   1.2984096e+00   1.4341948e-01   1.0000000e+02
   1.3002108e+00   3.2668730e-01   1.0000000e+02
   1.3008306e+00   3.8975046e-01   1.0000000e+02
   1.3011619e+00   4.2346622e-01   1.0000000e+02
   1.3053548e+00   8.5008127e-01   1.0000000e+02
   1.3071458e+00   1.0323127e+00   1.0000000e+02
   1.3103824e+00   1.3616252e+00   1.0000000e+02
   1.3000000e+00   1.7739146e-01   1.0100000e+02
   1.3000000e+00   2.7694395e-01   1.0100000e+02
   1.3000000e+00   3.0458341e-01   1.0100000e+02
   1.3000000e+00   4.0529531e-01   1.0100000e+02
   1.3000000e+00   4.2810920e-01   1.0100000e+02
   1.3000000e+00   1.0886013e+00   1.0100000e+02
   1.3000000e+00   1.1497025e+00   1.0100000e+02
   1.3000000e+00   1.3759390e+00   1.0100000e+02
   1.3028065e+00   1.5965207e-02   1.0200000e+02
   1.3023025e+00   5.7542930e-02   1.0200000e+02
   1.3020035e+00   8.2210979e-02   1.0200000e+02
   1.3016540e+00   1.1105187e-01   1.0200000e+02
   1.3008979e+00   1.7342558e-01   1.0200000e+02
   1.3004252e+00   2.1242714e-01   1.0200000e+02
   1.2891318e+00   1.1441579e+00   1.0200000e+02
   1.2846949e+00   1.5102185e+00   1.0200000e+02
   1.3026744e+00   1.3716513e-01   1.0300000e+02
   1.2999982e+00   2.4754604e-01   1.0300000e+02
   1.2929393e+00   5.3869174e-01   1.0300000e+02
   1.2914430e+00   6.0040435e-01   1.0300000e+02
   1.2896614e+00   6.7388864e-01   1.0300000e+02
   1.2855303e+00   8.4427444e-01   1.0300000e+02
   1.2810086e+00   1.0307729e+00   1.0300000e+02
   1.2768098e+00   1.2039533e+00   1.0300000e+02
   1.3044818e+00   1.2420630e-01   1.0400000e+02
   1.3010874e+00   2.1751880e-01   1.0400000e+02
   1.2988747e+00   2.7834427e-01   1.0400000e+02
   1.2977805e+00   3.0842568e-01   1.0400000e+02
   1.2867200e+00   6.1247750e-01   1.0400000e+02
   1.2865391e+00   6.1745172e-01   1.0400000e+02
   1.2790381e+00   8.2365424e-01   1.0400000e+02
   1.2762986e+00   8.9896167e-01   1.0400000e+02
   1.3099362e+00   4.2535186e-02   1.0500000e+02
   1.3090842e+00   6.0095758e-02   1.0500000e+02
   1.3059225e+00   1.2526086e-01   1.0500000e+02
   1.2879781e+00   4.9510181e-01   1.0500000e+02
   1.2766833e+00   7.2789339e-01   1.0500000e+02
   1.2766656e+00   7.2825763e-01   1.0500000e+02
   1.2764877e+00   7.3192432e-01   1.0500000e+02
   1.2561860e+00   1.1503521e+00   1.0500000e+02
   1.3079541e+00   1.1612467e-01   1.0600000e+02
   1.3029420e+00   1.9872936e-01   1.0600000e+02
   1.3027092e+00   2.0256633e-01   1.0600000e+02
   1.2754628e+00   6.5161692e-01   1.0600000e+02
   1.2752938e+00   6.5440126e-01   1.0600000e+02
   1.2542597e+00   1.0010667e+00   1.0600000e+02
   1.2524752e+00   1.0304772e+00   1.0600000e+02
   1.2524709e+00   1.0305474e+00   1.0600000e+02
   1.3029272e+00   2.0690178e-01   1.0700000e+02
   1.2944622e+00   3.2309934e-01   1.0700000e+02
   1.2807927e+00   5.1073799e-01   1.0700000e+02
   1.2677629e+00   6.8959674e-01   1.0700000e+02
   1.2519968e+00   9.0601538e-01   1.0700000e+02
   1.2409429e+00   1.0577504e+00   1.0700000e+02
   1.2286224e+00   1.2268716e+00   1.0700000e+02
   1.2239020e+00   1.2916680e+00   1.0700000e+02
   1.3197481e+00   1.4720671e-02   1.0800000e+02
   1.3096058e+00   1.3397754e-01   1.0800000e+02
   1.3071012e+00   1.6342687e-01   1.0800000e+02
   1.3069069e+00   1.6571197e-01   1.0800000e+02
   1.2898165e+00   3.6666596e-01   1.0800000e+02
   1.2879494e+00   3.8862026e-01   1.0800000e+02
   1.2778551e+00   5.0731318e-01   1.0800000e+02
   1.2763299e+00   5.2524607e-01   1.0800000e+02
   1.3203801e+00   3.7216307e-02   1.0900000e+02
   1.3082778e+00   1.6163954e-01   1.0900000e+02
   1.2868267e+00   3.8217723e-01   1.0900000e+02
   1.2833826e+00   4.1758588e-01   1.0900000e+02
   1.2567351e+00   6.9154903e-01   1.0900000e+02
   1.2325420e+00   9.4027758e-01   1.0900000e+02
   1.2225698e+00   1.0428006e+00   1.0900000e+02
   1.2133723e+00   1.1373605e+00   1.0900000e+02
   1.3253277e+00   1.5269372e-02   1.1000000e+02
   1.3245248e+00   2.2601424e-02   1.1000000e+02
   1.2898323e+00   3.3937798e-01   1.1000000e+02
   1.2605577e+00   6.0668422e-01   1.1000000e+02
   1.2548290e+00   6.5899358e-01   1.1000000e+02
   1.2411681e+00   7.8373070e-01   1.1000000e+02
   1.1995723e+00   1.1635425e+00   1.1000000e+02
   1.1638468e+00   1.4897520e+00   1.1000000e+02
   1.3160059e+00   1.1489421e-01   1.1100000e+02
   1.2862543e+00   3.5916148e-01   1.1100000e+02
   1.2852467e+00   3.6743381e-01   1.1100000e+02
   1.2798536e+00   4.1171225e-01   1.1100000e+02
   1.2700252e+00   4.9240603e-01   1.1100000e+02
   1.2571230e+00   5.9833567e-01   1.1100000e+02
   1.2553401e+00   6.1297384e-01   1.1100000e+02
   1.1949277e+00   1.1089723e+00   1.1100000e+02
   1.3241138e+00   6.6256171e-02   1.1200000e+02
   1.3186481e+00   1.0700946e-01   1.1200000e+02
   1.3116447e+00   1.5922714e-01   1.1200000e+02
   1.2869998e+00   3.4298198e-01   1.1200000e+02
   1.2819346e+00   3.8074856e-01   1.1200000e+02
   1.2539406e+00   5.8947459e-01   1.1200000e+02
   1.2336408e+00   7.4083223e-01   1.1200000e+02
   1.2113953e+00   9.0669625e-01   1.1200000e+02
   1.3359548e+00   3.0890748e-04   1.1300000e+02
   1.2914725e+00   3.0398873e-01   1.1300000e+02
   1.2884780e+00   3.2443204e-01   1.1300000e+02
   1.2703969e+00   4.4787208e-01   1.1300000e+02
   1.2579175e+00   5.3306856e-01   1.1300000e+02
   1.2223084e+00   7.7617141e-01   1.1300000e+02
   1.2124657e+00   8.4336763e-01   1.1300000e+02
   1.1348285e+00   1.3733964e+00   1.1300000e+02
   1.3346854e+00   2.7156378e-02   1.1400000e+02
   1.3263872e+00   7.9385847e-02   1.1400000e+02
   1.2986083e+00   2.5422740e-01   1.1400000e+02
   1.2950632e+00   2.7653997e-01   1.1400000e+02
   1.2866044e+00   3.2978035e-01   1.1400000e+02
   1.2385207e+00   6.3242113e-01   1.1400000e+02
   1.1909881e+00   9.3159344e-01   1.1400000e+02
   1.1371025e+00   1.2707520e+00   1.1400000e+02
   1.3300509e+00   6.9742781e-02   1.1500000e+02
   1.3219741e+00   1.1688443e-01   1.1500000e+02
   1.3049316e+00   2.1635511e-01   1.1500000e+02
   1.3015043e+00   2.3635909e-01   1.1500000e+02
   1.2420666e+00   5.8327665e-01   1.1500000e+02
   1.2278661e+00   6.6615956e-01   1.1500000e+02
   1.2178160e+00   7.2481875e-01   1.1500000e+02
   1.1995588e+00   8.3137985e-01   1.1500000e+02
   1.3406182e+00   2.3835631e-02   1.1600000e+02
   1.3392410e+00   3.1327292e-02   1.1600000e+02
   1.3096040e+00   1.9254340e-01   1.1600000e+02
   1.2797111e+00   3.5515185e-01   1.1600000e+02
   1.2612774e+00   4.5542589e-01   1.1600000e+02
   1.2273591e+00   6.3993088e-01   1.1600000e+02
   1.1951980e+00   8.1487771e-01   1.1600000e+02
   1.1693551e+00   9.5545534e-01   1.1600000e+02
   1.3340482e+00   7.1040564e-02   1.1700000e+02
   1.2830675e+00   3.3062673e-01   1.1700000e+02
   1.2816901e+00   3.3764023e-01   1.1700000e+02
   1.2769437e+00   3.6180816e-01   1.1700000e+02
   1.2658434e+00   4.1832907e-01   1.1700000e+02
   1.1412692e+00   1.0526428e+00   1.1700000e+02
   1.1259443e+00   1.1306748e+00   1.1700000e+02
   1.0803620e+00   1.3627734e+00   1.1700000e+02
   1.3467703e+00   2.0236948e-02   1.1800000e+02
   1.3302297e+00   9.9374472e-02   1.1800000e+02
   1.3053401e+00   2.1845726e-01   1.1800000e+02
   1.2921655e+00   2.8149069e-01   1.1800000e+02
   1.2566486e+00   4.5141937e-01   1.1800000e+02
   1.2404294e+00   5.2901901e-01   1.1800000e+02
   1.1886547e+00   7.7673270e-01   1.1800000e+02
   1.0490609e+00   1.4446114e+00   1.1800000e+02
   1.3533723e+00   2.8314031e-03   1.1900000e+02
   1.3333403e+00   9.3190446e-02   1.1900000e+02
   1.3180985e+00   1.6194217e-01   1.1900000e+02
   1.3043975e+00   2.2374387e-01   1.1900000e+02
   1.2612877e+00   4.1820131e-01   1.1900000e+02
   1.2376920e+00   5.2463548e-01   1.1900000e+02
   1.2185275e+00   6.1108129e-01   1.1900000e+02
   1.1213634e+00   1.0493635e+00   1.1900000e+02
   1.3569250e+00   3.1995665e-04   1.2000000e+02
   1.3114738e+00   1.9418790e-01   1.2000000e+02
   1.3005865e+00   2.4062672e-01   1.2000000e+02
   1.2422988e+00   4.8924808e-01   1.2000000e+02
   1.1918861e+00   7.0427901e-01   1.2000000e+02
   1.1918638e+00   7.0437417e-01   1.2000000e+02
   1.1531608e+00   8.6945851e-01   1.2000000e+02
   1.1065822e+00   1.0681352e+00   1.2000000e+02
   1.3525004e+00   3.0330063e-02   1.2100000e+02
   1.3413664e+00   7.5357939e-02   1.2100000e+02
   1.3377280e+00   9.0072460e-02   1.2100000e+02
   1.3256690e+00   1.3884165e-01   1.2100000e+02
   1.3187585e+00   1.6678925e-01   1.2100000e+02
   1.3121982e+00   1.9332022e-01   1.2100000e+02
   1.2750725e+00   3.4346419e-01   1.2100000e+02
   1.2650131e+00   3.8414656e-01   1.2100000e+02
   1.3559260e+00   2.7189955e-02   1.2200000e+02
   1.3541838e+00   3.3886644e-02   1.2200000e+02
   1.3014780e+00   2.3647018e-01   1.2200000e+02
   1.1316269e+00   8.8932215e-01   1.2200000e+02
   1.1137074e+00   9.5819882e-01   1.2200000e+02
   1.0454291e+00   1.2206380e+00   1.2200000e+02
   1.0136060e+00   1.3429555e+00   1.2200000e+02
   1.0104715e+00   1.3550036e+00   1.2200000e+02
   1.3433851e+00   8.2792926e-02   1.2300000e+02
   1.2991270e+00   2.4482126e-01   1.2300000e+02
   1.2671477e+00   3.6189718e-01   1.2300000e+02
   1.2545679e+00   4.0795171e-01   1.2300000e+02
   1.1665749e+00   7.3009314e-01   1.2300000e+02
   1.1281034e+00   8.7093687e-01   1.2300000e+02
   1.0515619e+00   1.1511547e+00   1.2300000e+02
   9.9221505e-01   1.3684228e+00   1.2300000e+02
   1.3578958e+00   3.8796363e-02   1.2400000e+02
   1.3534651e+00   5.4276482e-02   1.2400000e+02
   1.3147047e+00   1.8969852e-01   1.2400000e+02
   1.3144351e+00   1.9064072e-01   1.2400000e+02
   1.2689090e+00   3.4970113e-01   1.2400000e+02
   1.2065820e+00   5.6746133e-01   1.2400000e+02
   1.2015014e+00   5.8521217e-01   1.2400000e+02
   1.1102818e+00   9.0391812e-01   1.2400000e+02
   1.3561380e+00   5.2983131e-02   1.2500000e+02
   1.3213661e+00   1.6913020e-01   1.2500000e+02
   1.2552488e+00   3.8997904e-01   1.2500000e+02
   1.2418226e+00   4.3482606e-01   1.2500000e+02
   1.2361369e+00   4.5381766e-01   1.2500000e+02
   1.1339382e+00   7.9518769e-01   1.2500000e+02
   1.1142723e+00   8.6087682e-01   1.2500000e+02
   1.0161391e+00   1.1886670e+00   1.2500000e+02
   1.3657721e+00   2.9516734e-02   1.2600000e+02
   1.3185792e+00   1.8046937e-01   1.2600000e+02
   1.2891023e+00   2.7475534e-01   1.2600000e+02
   1.2874813e+00   2.7994043e-01   1.2600000e+02
   1.2145475e+00   5.1322894e-01   1.2600000e+02
   1.1447680e+00   7.3642810e-01   1.2600000e+02
   1.1112226e+00   8.4372748e-01   1.2600000e+02
   9.9887485e-01   1.2030868e+00   1.2600000e+02
   1.3418554e+00   1.1087663e-01   1.2700000e+02
   1.2956149e+00   2.5272297e-01   1.2700000e+02
   1.2558005e+00   3.7485719e-01   1.2700000e+02
   1.2374879e+00   4.3103261e-01   1.2700000e+02
   1.2052261e+00   5.2999821e-01   1.2700000e+02
   1.1404470e+00   7.2871357e-01   1.2700000e+02
   1.0974586e+00   8.6058395e-01   1.2700000e+02
   1.0937938e+00   8.7182604e-01   1.2700000e+02
   1.3258225e+00   1.6254905e-01   1.2800000e+02
   1.3255618e+00   1.6331677e-01   1.2800000e+02
   1.3017704e+00   2.3340453e-01   1.2800000e+02
   1.2742506e+00   3.1447612e-01   1.2800000e+02
   1.2591792e+00   3.5887516e-01   1.2800000e+02
   1.2090955e+00   5.0641815e-01   1.2800000e+02
   1.1550852e+00   6.6552872e-01   1.2800000e+02
   1.0780928e+00   8.9234267e-01   1.2800000e+02
   1.3173963e+00   1.8866568e-01   1.2900000e+02
   1.3032076e+00   2.2885755e-01   1.2900000e+02
   1.2886136e+00   2.7019722e-01   1.2900000e+02
   1.2847637e+00   2.8110278e-01   1.2900000e+02
   1.2655993e+00   3.3538896e-01   1.2900000e+02
   1.2626291e+00   3.4380253e-01   1.2900000e+02
   1.1699606e+00   6.0630098e-01   1.2900000e+02
   1.0172258e+00   1.0389467e+00   1.2900000e+02
   1.3803465e+00   1.8143474e-02   1.3000000e+02
   1.3602208e+00   7.3024677e-02   1.3000000e+02
   1.3258224e+00   1.6682600e-01   1.3000000e+02
   1.2999521e+00   2.3737206e-01   1.3000000e+02
   1.2608434e+00   3.4401806e-01   1.3000000e+02
   1.2479118e+00   3.7928142e-01   1.3000000e+02
   1.1033957e+00   7.7336432e-01   1.3000000e+02
   9.3779628e-01   1.2249394e+00   1.3000000e+02
   1.3890389e+00   2.5258007e-03   1.3100000e+02
   1.3460952e+00   1.1537881e-01   1.3100000e+02
   1.3279903e+00   1.6295718e-01   1.3100000e+02
   1.3256107e+00   1.6921069e-01   1.3100000e+02
   1.1882694e+00   5.3013427e-01   1.3100000e+02
   1.1641475e+00   5.9352520e-01   1.3100000e+02
   1.0831218e+00   8.0645508e-01   1.3100000e+02
   1.0628945e+00   8.5961122e-01   1.3100000e+02
   1.3917585e+00   3.1473227e-03   1.3200000e+02
   1.2873115e+00   2.6792704e-01   1.3200000e+02
   1.2646675e+00   3.2533103e-01   1.3200000e+02
   1.2493612e+00   3.6413329e-01   1.3200000e+02
   1.1244909e+00   6.8068729e-01   1.3200000e+02
   1.0884409e+00   7.7207636e-01   1.3200000e+02
   1.0523053e+00   8.6368235e-01   1.3200000e+02
   8.3548884e-01   1.4133257e+00   1.3200000e+02
   1.3526678e+00   1.0606543e-01   1.3300000e+02
   1.2884141e+00   2.6334122e-01   1.3300000e+02
   1.2456189e+00   3.6809227e-01   1.3300000e+02
   1.1182858e+00   6.7976939e-01   1.3300000e+02
   1.1165062e+00   6.8412538e-01   1.3300000e+02
   1.0712725e+00   7.9484520e-01   1.3300000e+02
   1.0689212e+00   8.0060063e-01   1.3300000e+02
   9.2516531e-01   1.1524763e+00   1.3300000e+02
   1.3280529e+00   1.6782047e-01   1.3400000e+02
   1.3017853e+00   2.2995452e-01   1.3400000e+02
   1.2643992e+00   3.1838883e-01   1.3400000e+02
   1.1601905e+00   5.6488728e-01   1.3400000e+02
   1.0867343e+00   7.3864277e-01   1.3400000e+02
   1.0561231e+00   8.1105143e-01   1.3400000e+02
   9.3754672e-01   1.0915356e+00   1.3400000e+02
   8.5597393e-01   1.2844904e+00   1.3400000e+02
   1.3839215e+00   4.1358614e-02   1.3500000e+02
   1.3625411e+00   9.0270775e-02   1.3500000e+02
   1.3271507e+00   1.7123403e-01   1.3500000e+02
   1.3199274e+00   1.8775908e-01   1.3500000e+02
   1.2823600e+00   2.7370257e-01   1.3500000e+02
   1.1985005e+00   4.6554951e-01   1.3500000e+02
   1.1332464e+00   6.1483261e-01   1.3500000e+02
   1.1253767e+00   6.3283624e-01   1.3500000e+02
   1.3471677e+00   1.2805227e-01   1.3600000e+02
   1.3308618e+00   1.6415673e-01   1.3600000e+02
   1.2533355e+00   3.3581539e-01   1.3600000e+02
   1.1902400e+00   4.7552154e-01   1.3600000e+02
   1.1553518e+00   5.5277107e-01   1.3600000e+02
   1.1434507e+00   5.7912228e-01   1.3600000e+02
   1.0627055e+00   7.5790834e-01   1.3600000e+02
   9.9831940e-01   9.0047207e-01   1.3600000e+02
   1.3412158e+00   1.4322041e-01   1.3700000e+02
   1.3377853e+00   1.5057703e-01   1.3700000e+02
   1.1444898e+00   5.6510407e-01   1.3700000e+02
   1.1013395e+00   6.5764078e-01   1.3700000e+02
   1.0612148e+00   7.4368917e-01   1.3700000e+02
   1.0607726e+00   7.4463758e-01   1.3700000e+02
   1.0203222e+00   8.3138448e-01   1.3700000e+02
   1.0090839e+00   8.5548528e-01   1.3700000e+02
   1.4051189e+00   1.2223200e-02   1.3800000e+02
   1.3332397e+00   1.6161544e-01   1.3800000e+02
   1.3256761e+00   1.7733550e-01   1.3800000e+02
   1.2778422e+00   2.7675243e-01   1.3800000e+02
   1.1782269e+00   4.8379079e-01   1.3800000e+02
   1.0979250e+00   6.5068844e-01   1.3800000e+02
   1.0527281e+00   7.4462477e-01   1.3800000e+02
   9.2074710e-01   1.0189314e+00   1.3800000e+02
   1.4031042e+00   2.1960276e-02   1.3900000e+02
   1.3992613e+00   2.9705595e-02   1.3900000e+02
   1.3968558e+00   3.4553781e-02   1.3900000e+02
   1.3722379e+00   8.4170902e-02   1.3900000e+02
   1.2937694e+00   2.4232303e-01   1.3900000e+02
   1.2302164e+00   3.7041301e-01   1.3900000e+02
   1.1491203e+00   5.3386095e-01   1.3900000e+02
   7.7687126e-01   1.2841232e+00   1.3900000e+02
   1.3810786e+00   7.0247540e-02   1.4000000e+02
   1.3706164e+00   9.0707213e-02   1.4000000e+02
   1.3087747e+00   2.1164436e-01   1.4000000e+02
   1.2227818e+00   3.7981118e-01   1.4000000e+02
   1.1971801e+00   4.2987749e-01   1.4000000e+02
   1.1237040e+00   5.7356677e-01   1.4000000e+02
   1.0917754e+00   6.3600599e-01   1.4000000e+02
   1.0810317e+00   6.5701632e-01   1.4000000e+02
   1.4041421e+00   3.0105756e-02   1.4100000e+02
   1.3527364e+00   1.2769792e-01   1.4100000e+02
   1.3339733e+00   1.6331900e-01   1.4100000e+02
   1.3230489e+00   1.8405868e-01   1.4100000e+02
   1.2737559e+00   2.7763994e-01   1.4100000e+02
   1.1408844e+00   5.2989233e-01   1.4100000e+02
   8.6025936e-01   1.0626502e+00   1.4100000e+02
   8.5337348e-01   1.0757228e+00   1.4100000e+02
   7.3582026e-01   1.2988940e+00   1.4100000e+02
   1.3750721e+00   8.8375086e-02   1.4200000e+02
   1.3721741e+00   9.3718734e-02   1.4200000e+02
   1.3717343e+00   9.4529730e-02   1.4200000e+02
   1.3055398e+00   2.1658696e-01   1.4200000e+02
   1.2003265e+00   4.1059153e-01   1.4200000e+02
   1.2000572e+00   4.1108821e-01   1.4200000e+02
   1.1151806e+00   5.6759361e-01   1.4200000e+02
   1.0243468e+00   7.3508371e-01   1.4200000e+02
   1.0242043e+00   7.3534647e-01   1.4200000e+02
   1.4195492e+00   1.1558237e-02   1.4300000e+02
   1.3503227e+00   1.3559489e-01   1.4300000e+02
   1.2553392e+00   3.0578168e-01   1.4300000e+02
   1.2513688e+00   3.1289561e-01   1.4300000e+02
   1.2384695e+00   3.3600809e-01   1.4300000e+02
   1.1320146e+00   5.2674872e-01   1.4300000e+02
   1.0254321e+00   7.1771803e-01   1.4300000e+02
   1.0069809e+00   7.5077810e-01   1.4300000e+02
   8.7099497e-01   9.9443102e-01   1.4300000e+02
   1.4133573e+00   2.7246492e-02   1.4400000e+02
   1.3846401e+00   7.7266271e-02   1.4400000e+02
   1.3506246e+00   1.3651452e-01   1.4400000e+02
   1.3490595e+00   1.3924059e-01   1.4400000e+02
   1.3123464e+00   2.0318759e-01   1.4400000e+02
   1.1414022e+00   5.0093867e-01   1.4400000e+02
   9.7554963e-01   7.8982112e-01   1.4400000e+02
   9.6928145e-01   8.0073905e-01   1.4400000e+02
   7.3748352e-01   1.2044853e+00   1.4400000e+02
   1.4108319e+00   3.5857133e-02   1.4500000e+02
   1.3764999e+00   9.4012797e-02   1.4500000e+02
   1.2724599e+00   2.7024814e-01   1.4500000e+02
   1.1935645e+00   4.0389059e-01   1.4500000e+02
   1.1305367e+00   5.1065463e-01   1.4500000e+02
   1.0040093e+00   7.2498193e-01   1.4500000e+02
   7.5293304e-01   1.1502849e+00   1.4500000e+02
   6.3355321e-01   1.3525047e+00   1.4500000e+02
   6.0623454e-01   1.3987804e+00   1.4500000e+02
   1.3421808e+00   1.5296263e-01   1.4600000e+02
   1.3273363e+00   1.7742576e-01   1.4600000e+02
   1.3001597e+00   2.2221187e-01   1.4600000e+02
   1.2764906e+00   2.6121762e-01   1.4600000e+02
   1.1451814e+00   4.7761043e-01   1.4600000e+02
   1.1187840e+00   5.2111244e-01   1.4600000e+02
   9.1285574e-01   8.6047457e-01   1.4600000e+02
   7.3122639e-01   1.1597931e+00   1.4600000e+02
   6.8743087e-01   1.2319665e+00   1.4600000e+02
   1.4283279e+00   1.5512107e-02   1.4700000e+02
   1.4277738e+00   1.6400916e-02   1.4700000e+02
   1.4263919e+00   1.8617158e-02   1.4700000e+02
   1.2153704e+00   3.5705493e-01   1.4700000e+02
   1.2058445e+00   3.7233264e-01   1.4700000e+02
   1.1491060e+00   4.6333018e-01   1.4700000e+02
   1.1259455e+00   5.0047516e-01   1.4700000e+02
   1.0701283e+00   5.8999520e-01   1.4700000e+02
   9.0179256e-01   8.5997316e-01   1.4700000e+02
   1.3635085e+00   1.2099020e-01   1.4800000e+02
   1.3596887e+00   1.2695416e-01   1.4800000e+02
   1.1729016e+00   4.1859129e-01   1.4800000e+02
   1.1379940e+00   4.7309373e-01   1.4800000e+02
   1.0953292e+00   5.3970774e-01   1.4800000e+02
   1.0674034e+00   5.8330926e-01   1.4800000e+02
   9.5809552e-01   7.5397539e-01   1.4800000e+02
   9.3172484e-01   7.9514885e-01   1.4800000e+02
   6.7548989e-01   1.1952173e+00   1.4800000e+02
   1.4219098e+00   3.3586838e-02   1.4900000e+02
   1.4043481e+00   6.0288343e-02   1.4900000e+02
   1.2043864e+00   3.6431803e-01   1.4900000e+02
   1.1751093e+00   4.0883206e-01   1.4900000e+02
   1.1741878e+00   4.1023313e-01   1.4900000e+02
   1.0627103e+00   5.7972806e-01   1.4900000e+02
   9.1523329e-01   8.0395790e-01   1.4900000e+02
   7.1675697e-01   1.1057292e+00   1.4900000e+02
   5.5264783e-01   1.3552472e+00   1.4900000e+02
   1.4205058e+00   3.9238510e-02   1.5000000e+02
   1.4002289e+00   6.9269210e-02   1.5000000e+02
   1.3905981e+00   8.3532672e-02   1.5000000e+02
   1.3585254e+00   1.3103312e-01   1.5000000e+02
   1.2389088e+00   3.0818829e-01   1.5000000e+02
   1.1180878e+00   4.8712716e-01   1.5000000e+02
   1.0051044e+00   6.5445841e-01   1.5000000e+02
   6.8092337e-01   1.1345787e+00   1.5000000e+02
   5.8360645e-01   1.2787075e+00   1.5000000e+02
   1.4132090e+00   5.3089455e-02   1.5100000e+02
   1.4075702e+00   6.1226288e-02   1.5100000e+02
   1.3255879e+00   1.7952672e-01   1.5100000e+02
   1.2174577e+00   3.3555872e-01   1.5100000e+02
   1.1384209e+00   4.4960880e-01   1.5100000e+02
   1.0792450e+00   5.3499961e-01   1.5100000e+02
   1.0058626e+00   6.4089044e-01   1.5100000e+02
   7.2022437e-01   1.0530666e+00   1.5100000e+02
   5.8811615e-01   1.2436988e+00   1.5100000e+02
   1.3927050e+00   8.4791904e-02   1.5200000e+02
   1.3768652e+00   1.0706713e-01   1.5200000e+02
   1.2683263e+00   2.5970350e-01   1.5200000e+02
   1.2393123e+00   3.0050548e-01   1.5200000e+02
   1.1421061e+00   4.3720490e-01   1.5200000e+02
   1.1399562e+00   4.4022824e-01   1.5200000e+02
   1.1269542e+00   4.5851269e-01   1.5200000e+02
   1.0749167e+00   5.3169216e-01   1.5200000e+02
   1.0623535e+00   5.4935964e-01   1.5200000e+02
   1.3107044e+00   1.9917077e-01   1.5300000e+02
   1.2036499e+00   3.4592064e-01   1.5300000e+02
   1.1378977e+00   4.3605353e-01   1.5300000e+02
   1.0829968e+00   5.1131152e-01   1.5300000e+02
   1.0572830e+00   5.4655987e-01   1.5300000e+02
   1.0464873e+00   5.6135860e-01   1.5300000e+02
   9.6350122e-01   6.7511566e-01   1.5300000e+02
   9.5035570e-01   6.9313549e-01   1.5300000e+02
   9.3025792e-01   7.2068546e-01   1.5300000e+02
   1.4569038e+00   2.8014769e-03   1.5400000e+02
   1.3204706e+00   1.8514037e-01   1.5400000e+02
   1.0569325e+00   5.3735121e-01   1.5400000e+02
   9.6557918e-01   6.5944213e-01   1.5400000e+02
   7.1694300e-01   9.9173694e-01   1.5400000e+02
   6.8844734e-01   1.0298205e+00   1.5400000e+02
   6.6045635e-01   1.0672297e+00   1.5400000e+02
   5.1641681e-01   1.2597342e+00   1.5400000e+02
   4.5455141e-01   1.3424154e+00   1.5400000e+02
   1.4008835e+00   7.9649332e-02   1.5500000e+02
   1.3345394e+00   1.6611144e-01   1.5500000e+02
   1.1555995e+00   3.9931267e-01   1.5500000e+02
   1.1543681e+00   4.0091749e-01   1.5500000e+02
   1.0784743e+00   4.9982523e-01   1.5500000e+02
   1.0570427e+00   5.2775573e-01   1.5500000e+02
   8.7851797e-01   7.6041585e-01   1.5500000e+02
   8.1190468e-01   8.4722881e-01   1.5500000e+02
   6.3921430e-01   1.0722855e+00   1.5500000e+02
   4.0208672e-01   1.3813191e+00   1.5500000e+02
   1.4352108e+00   3.7863201e-02   1.5600000e+02
   1.4283684e+00   4.6560185e-02   1.5600000e+02
   1.2725313e+00   2.4463532e-01   1.5600000e+02
   1.2629430e+00   2.5682235e-01   1.5600000e+02
   1.2561812e+00   2.6541684e-01   1.5600000e+02
   1.0512988e+00   5.2583042e-01   1.5600000e+02
   9.0399116e-01   7.1306423e-01   1.5600000e+02
   7.9822380e-01   8.4749869e-01   1.5600000e+02
   7.8896448e-01   8.5926765e-01   1.5600000e+02
   6.0278776e-01   1.0959055e+00   1.5600000e+02
   1.3373734e+00   1.6195317e-01   1.5700000e+02
   1.1932913e+00   3.4058867e-01   1.5700000e+02
   1.1696958e+00   3.6984278e-01   1.5700000e+02
   1.1497718e+00   3.9454489e-01   1.5700000e+02
   1.0303013e+00   5.4266659e-01   1.5700000e+02
   1.0048412e+00   5.7423243e-01   1.5700000e+02
   9.2726138e-01   6.7041727e-01   1.5700000e+02
   6.7738856e-01   9.8021399e-01   1.5700000e+02
   4.4096174e-01   1.2733401e+00   1.5700000e+02
   3.9472593e-01   1.3306641e+00   1.5700000e+02
   1.4584777e+00   1.5145955e-02   1.5800000e+02
   1.3198306e+00   1.8284250e-01   1.5800000e+02
   1.3178308e+00   1.8526123e-01   1.5800000e+02
   1.2911456e+00   2.1753758e-01   1.5800000e+02
   1.2755344e+00   2.3641961e-01   1.5800000e+02
   1.2693571e+00   2.4389122e-01   1.5800000e+02
   1.1772076e+00   3.5534792e-01   1.5800000e+02
   9.8836447e-01   5.8375758e-01   1.5800000e+02
   7.2327907e-01   9.0438382e-01   1.5800000e+02
   7.0415034e-01   9.2752041e-01   1.5800000e+02
   1.0960330e+00   4.4603843e-01   1.5900000e+02
   1.0885405e+00   4.5488036e-01   1.5900000e+02
   1.0459507e+00   5.0514052e-01   1.5900000e+02
   1.0123393e+00   5.4480529e-01   1.5900000e+02
   9.9566661e-01   5.6448072e-01   1.5900000e+02
   9.9259429e-01   5.6810637e-01   1.5900000e+02
   9.3323303e-01   6.3815852e-01   1.5900000e+02
   7.0054175e-01   9.1275726e-01   1.5900000e+02
   5.4797550e-01   1.0928005e+00   1.5900000e+02
   5.4122501e-01   1.1007668e+00   1.5900000e+02
   1.4738995e+00   3.5702348e-03   1.6000000e+02
   1.4630890e+00   1.6018656e-02   1.6000000e+02
   1.4176786e+00   6.8309057e-02   1.6000000e+02
   1.3349864e+00   1.6352973e-01   1.6000000e+02
   1.1972014e+00   3.2219012e-01   1.6000000e+02
   1.1607576e+00   3.6415536e-01   1.6000000e+02
   1.1130557e+00   4.1908451e-01   1.6000000e+02
   1.0952682e+00   4.3956685e-01   1.6000000e+02
   1.0133795e+00   5.3386234e-01   1.6000000e+02
   6.6404363e-01   9.3612507e-01   1.6000000e+02
   1.4033256e+00   8.6159183e-02   1.6100000e+02
   1.3025239e+00   1.9943039e-01   1.6100000e+02
   1.3019904e+00   2.0002988e-01   1.6100000e+02
   1.2241926e+00   2.8745137e-01   1.6100000e+02
   1.1147543e+00   4.1042753e-01   1.6100000e+02
   1.0382665e+00   4.9637703e-01   1.6100000e+02
   8.8083239e-01   6.7328615e-01   1.6100000e+02
   8.1378469e-01   7.4862782e-01   1.6100000e+02
   6.4615963e-01   9.3698851e-01   1.6100000e+02
   4.0195925e-01   1.2113971e+00   1.6100000e+02
   1.4589467e+00   2.6377959e-02   1.6200000e+02
   1.4055803e+00   8.4901985e-02   1.6200000e+02
   1.3162586e+00   1.8285616e-01   1.6200000e+02
   1.3137145e+00   1.8564615e-01   1.6200000e+02
   1.1842079e+00   3.2766894e-01   1.6200000e+02
   1.1248932e+00   3.9271609e-01   1.6200000e+02
   8.2341506e-01   7.2333059e-01   1.6200000e+02
   7.9966436e-01   7.4937668e-01   1.6200000e+02
   7.9216626e-01   7.5759944e-01   1.6200000e+02
   6.5160092e-01   9.1174973e-01   1.6200000e+02
   1.4690190e+00   1.8174691e-02   1.6300000e+02
   1.3634622e+00   1.3115187e-01   1.6300000e+02
   1.2287300e+00   2.7535550e-01   1.6300000e+02
   1.1789073e+00   3.2868061e-01   1.6300000e+02
   1.0624062e+00   4.5337142e-01   1.6300000e+02
   1.0267547e+00   4.9152911e-01   1.6300000e+02
   1.0157221e+00   5.0333735e-01   1.6300000e+02
   1.0028808e+00   5.1708127e-01   1.6300000e+02
   9.9255004e-01   5.2813829e-01   1.6300000e+02
   5.5360012e-01   9.9794533e-01   1.6300000e+02
   1.1849400e+00   3.1762869e-01   1.6400000e+02
   1.1793378e+00   3.2348079e-01   1.6400000e+02
   1.1246317e+00   3.8062824e-01   1.6400000e+02
   1.0627167e+00   4.4530616e-01   1.6400000e+02
   9.1046234e-01   6.0435484e-01   1.6400000e+02
   5.9200191e-01   9.3702653e-01   1.6400000e+02
   4.9687650e-01   1.0363969e+00   1.6400000e+02
   4.2828874e-01   1.1080454e+00   1.6400000e+02
   2.8682834e-01   1.2558184e+00   1.6400000e+02
   2.5461953e-01   1.2894646e+00   1.6400000e+02
   1.4152573e+00   7.8246442e-02   1.6500000e+02
   1.2663312e+00   2.3009060e-01   1.6500000e+02
   1.2583570e+00   2.3822103e-01   1.6500000e+02
   1.2233867e+00   2.7387656e-01   1.6500000e+02
   9.4318421e-01   5.5956940e-01   1.6500000e+02
   9.2857672e-01   5.7446311e-01   1.6500000e+02
   8.2004609e-01   6.8512031e-01   1.6500000e+02
   6.3113314e-01   8.7773486e-01   1.6500000e+02
   5.3515891e-01   9.7558963e-01   1.6500000e+02
   5.3167495e-01   9.7914185e-01   1.6500000e+02
   1.4864622e+00   8.4965944e-03   1.6600000e+02
   1.2900962e+00   2.0391510e-01   1.6600000e+02
   1.0974269e+00   3.9565462e-01   1.6600000e+02
   1.0697828e+00   4.2316533e-01   1.6600000e+02
   1.0250749e+00   4.6765758e-01   1.6600000e+02
   9.7447048e-01   5.1801777e-01   1.6600000e+02
   8.1653898e-01   6.7518720e-01   1.6600000e+02
   6.1483737e-01   8.7591552e-01   1.6600000e+02
   5.6667454e-01   9.2384595e-01   1.6600000e+02
   5.4280861e-01   9.4759672e-01   1.6600000e+02
   1.3547412e+00   1.3915263e-01   1.6700000e+02
   1.2817180e+00   2.1008278e-01   1.6700000e+02
   1.2272279e+00   2.6301096e-01   1.6700000e+02
   1.1727528e+00   3.1592468e-01   1.6700000e+02
   1.1665604e+00   3.2193957e-01   1.6700000e+02
   1.1420268e+00   3.4577000e-01   1.6700000e+02
   1.0375438e+00   4.4725821e-01   1.6700000e+02
   9.9959368e-01   4.8412058e-01   1.6700000e+02
   8.4313797e-01   6.3609182e-01   1.6700000e+02
   6.5849405e-01   8.1544332e-01   1.6700000e+02
   1.3431894e+00   1.4961300e-01   1.6800000e+02
   1.3014067e+00   1.8922530e-01   1.6800000e+02
   1.2696435e+00   2.1933855e-01   1.6800000e+02
   1.2660946e+00   2.2270314e-01   1.6800000e+02
   1.2529390e+00   2.3517538e-01   1.6800000e+02
   1.2418360e+00   2.4570161e-01   1.6800000e+02
   1.0246565e+00   4.5159958e-01   1.6800000e+02
   7.6817047e-01   6.9476230e-01   1.6800000e+02
   6.4658165e-01   8.1003512e-01   1.6800000e+02
   5.5828083e-01   8.9374911e-01   1.6800000e+02
   1.3715729e+00   1.2253489e-01   1.6900000e+02
   1.3004302e+00   1.8836331e-01   1.6900000e+02
   1.2931430e+00   1.9510614e-01   1.6900000e+02
   1.2532432e+00   2.3202541e-01   1.6900000e+02
   1.1370601e+00   3.3952981e-01   1.6900000e+02
   9.5133524e-01   5.1138113e-01   1.6900000e+02
   8.4663822e-01   6.0825736e-01   1.6900000e+02
   7.9295012e-01   6.5793500e-01   1.6900000e+02
   7.5996818e-01   6.8845322e-01   1.6900000e+02
   4.9167146e-01   9.3670837e-01   1.6900000e+02
   1.4564538e+00   4.5645846e-02   1.7000000e+02
   1.3896413e+00   1.0598096e-01   1.7000000e+02
   1.3353141e+00   1.5504122e-01   1.7000000e+02
   1.3165237e+00   1.7200997e-01   1.7000000e+02
   1.2154878e+00   2.6325066e-01   1.7000000e+02
   1.1600207e+00   3.1334024e-01   1.7000000e+02
   9.5240924e-01   5.0082418e-01   1.7000000e+02
   9.4232701e-01   5.0992896e-01   1.7000000e+02
   8.5714394e-01   5.8685369e-01   1.7000000e+02
   7.4423504e-01   6.8881627e-01   1.7000000e+02
   1.4869892e+00   2.0279028e-02   1.7100000e+02
   1.2983219e+00   1.8654868e-01   1.7100000e+02
   1.1562869e+00   3.1172190e-01   1.7100000e+02
   1.1405428e+00   3.2559697e-01   1.7100000e+02
   1.0964565e+00   3.6444951e-01   1.7100000e+02
   9.0564822e-01   5.3260593e-01   1.7100000e+02
   8.0942434e-01   6.1740656e-01   1.7100000e+02
   7.1550679e-01   7.0017465e-01   1.7100000e+02
   6.3801786e-01   7.6846445e-01   1.7100000e+02
   5.3685213e-01   8.5762025e-01   1.7100000e+02
   1.4756138e+00   3.2151320e-02   1.7200000e+02
   1.3359749e+00   1.5223757e-01   1.7200000e+02
   1.2315145e+00   2.4207122e-01   1.7200000e+02
   1.1426868e+00   3.1846101e-01   1.7200000e+02
   1.0809558e+00   3.7154829e-01   1.7200000e+02
   9.8701099e-01   4.5233875e-01   1.7200000e+02
   9.3794719e-01   4.9453251e-01   1.7200000e+02
   6.8852940e-01   7.0902622e-01   1.7200000e+02
   4.0485986e-01   9.5297566e-01   1.7200000e+02
   1.2681894e+00   2.0794041e-01   1.7300000e+02
   1.2100557e+00   2.5672096e-01   1.7300000e+02
   1.1296563e+00   3.2418488e-01   1.7300000e+02
   1.1001021e+00   3.4898413e-01   1.7300000e+02
   9.2258907e-01   4.9793711e-01   1.7300000e+02
   8.6300945e-01   5.4793098e-01   1.7300000e+02
   8.1330004e-01   5.8964265e-01   1.7300000e+02
   7.2638296e-01   6.6257564e-01   1.7300000e+02
   3.0972874e-01   1.0121944e+00   1.7300000e+02
   1.4822021e+00   3.0125038e-02   1.7400000e+02
   1.3543384e+00   1.3480231e-01   1.7400000e+02
   1.3516076e+00   1.3703796e-01   1.7400000e+02
   1.2444560e+00   2.2475895e-01   1.7400000e+02
   1.2159264e+00   2.4811506e-01   1.7400000e+02
   1.0296643e+00   4.0060097e-01   1.7400000e+02
   9.5947339e-01   4.5806366e-01   1.7400000e+02
   9.5836848e-01   4.5896821e-01   1.7400000e+02
   2.4667355e-01   1.0416064e+00   1.7400000e+02
   1.4861196e+00   2.8654731e-02   1.7500000e+02
   1.4744420e+00   3.7980623e-02   1.7500000e+02
   1.3633553e+00   1.2669639e-01   1.7500000e+02
   1.3525481e+00   1.3532724e-01   1.7500000e+02
   1.3355503e+00   1.4890194e-01   1.7500000e+02
   1.2930565e+00   1.8283830e-01   1.7500000e+02
   1.0622027e+00   3.6720214e-01   1.7500000e+02
   1.0545743e+00   3.7329428e-01   1.7500000e+02
   9.6043228e-01   4.4847777e-01   1.7500000e+02
   1.4822124e+00   3.3329705e-02   1.7600000e+02
   1.2494327e+00   2.1465489e-01   1.7600000e+02
   1.1933193e+00   2.5836478e-01   1.7600000e+02
   1.1154521e+00   3.1901992e-01   1.7600000e+02
   1.0607621e+00   3.6162109e-01   1.7600000e+02
   9.4866588e-01   4.4893912e-01   1.7600000e+02
   9.1069453e-01   4.7851714e-01   1.7600000e+02
   3.3790401e-01   9.2469595e-01   1.7600000e+02
   3.0453980e-01   9.5068521e-01   1.7600000e+02
   1.4608611e+00   5.1002951e-02   1.7700000e+02
   1.3604122e+00   1.2731025e-01   1.7700000e+02
   1.3251217e+00   1.5411917e-01   1.7700000e+02
   1.1551520e+00   2.8323883e-01   1.7700000e+02
   1.0987840e+00   3.2605957e-01   1.7700000e+02
   7.8773163e-01   5.6235452e-01   1.7700000e+02
   7.0836068e-01   6.2264970e-01   1.7700000e+02
   6.8677135e-01   6.3905032e-01   1.7700000e+02
   4.3606515e-01   8.2950255e-01   1.7700000e+02
   1.1603707e+00   2.7453322e-01   1.7800000e+02
   1.1437129e+00   2.8687199e-01   1.7800000e+02
   1.1180888e+00   3.0585233e-01   1.7800000e+02
   1.0507903e+00   3.5570178e-01   1.7800000e+02
   9.9703225e-01   3.9552156e-01   1.7800000e+02
   8.8799384e-01   4.7628868e-01   1.7800000e+02
   8.3937317e-01   5.1230307e-01   1.7800000e+02
   7.9641737e-01   5.4412137e-01   1.7800000e+02
   5.1105227e-01   7.5549753e-01   1.7800000e+02
   1.5080613e+00   1.8730775e-02   1.7900000e+02
   1.4625033e+00   5.1629019e-02   1.7900000e+02
   1.4418355e+00   6.6553590e-02   1.7900000e+02
   1.3156440e+00   1.5767875e-01   1.7900000e+02
   1.2136641e+00   2.3132023e-01   1.7900000e+02
   1.1526109e+00   2.7540783e-01   1.7900000e+02
   1.0723579e+00   3.3335993e-01   1.7900000e+02
   9.0505912e-01   4.5416931e-01   1.7900000e+02
   7.1766660e-01   5.8948876e-01   1.7900000e+02
   1.4593821e+00   5.4630319e-02   1.8000000e+02
   1.4271784e+00   7.7296462e-02   1.8000000e+02
   1.3774204e+00   1.1231795e-01   1.8000000e+02
   1.3370784e+00   1.4071207e-01   1.8000000e+02
   1.3261707e+00   1.4838933e-01   1.8000000e+02
   1.0635395e+00   3.3323872e-01   1.8000000e+02
   1.0534187e+00   3.4036211e-01   1.8000000e+02
   1.0236994e+00   3.6127963e-01   1.8000000e+02
   4.3811384e-01   7.7343602e-01   1.8000000e+02
   1.5350242e+00   3.4127363e-03   1.8100000e+02
   1.5317860e+00   5.6336694e-03   1.8100000e+02
   1.5287363e+00   7.7253731e-03   1.8100000e+02
   1.4634232e+00   5.2521302e-02   1.8100000e+02
   1.4242118e+00   7.9415021e-02   1.8100000e+02
   9.3400234e-01   4.1563218e-01   1.8100000e+02
   8.2069216e-01   4.9334759e-01   1.8100000e+02
   8.0404110e-01   5.0476795e-01   1.8100000e+02
   7.5961721e-01   5.3523672e-01   1.8100000e+02
   1.5159212e+00   1.8093734e-02   1.8200000e+02
   1.5040057e+00   2.6055562e-02   1.8200000e+02
   1.2214205e+00   2.1487577e-01   1.8200000e+02
   1.1672544e+00   2.5106894e-01   1.8200000e+02
   9.9928913e-01   3.6330143e-01   1.8200000e+02
   8.4840932e-01   4.6411761e-01   1.8200000e+02
   7.4478002e-01   5.3336153e-01   1.8200000e+02
   6.5391008e-01   5.9407979e-01   1.8200000e+02
   6.0984790e-01   6.2352164e-01   1.8200000e+02
   1.4727100e+00   4.7696937e-02   1.8300000e+02
   1.4473213e+00   6.4219784e-02   1.8300000e+02
   1.4200388e+00   8.1975188e-02   1.8300000e+02
   1.3818814e+00   1.0680787e-01   1.8300000e+02
   1.3691180e+00   1.1511425e-01   1.8300000e+02
   1.3447741e+00   1.3095722e-01   1.8300000e+02
   9.4204343e-01   3.9305312e-01   1.8300000e+02
   9.4162090e-01   3.9332810e-01   1.8300000e+02
   7.9110554e-01   4.9128304e-01   1.8300000e+02
   1.5440747e+00   3.1210688e-03   1.8400000e+02
   1.5296621e+00   1.2253991e-02   1.8400000e+02
   1.4288054e+00   7.6164647e-02   1.8400000e+02
   1.0883165e+00   2.9192478e-01   1.8400000e+02
   9.7281708e-01   3.6511419e-01   1.8400000e+02
   6.8264540e-01   5.4898946e-01   1.8400000e+02
   6.7269234e-01   5.5529649e-01   1.8400000e+02
   6.4714110e-01   5.7148774e-01   1.8400000e+02
   5.1207380e-01   6.5707686e-01   1.8400000e+02
   1.4138689e+00   8.5201920e-02   1.8500000e+02
   1.2554527e+00   1.8291604e-01   1.8500000e+02
   1.2329945e+00   1.9676866e-01   1.8500000e+02
   1.0461694e+00   3.1200597e-01   1.8500000e+02
   1.0327876e+00   3.2026015e-01   1.8500000e+02
   6.7089693e-01   5.4348120e-01   1.8500000e+02
   3.7051686e-01   7.2876136e-01   1.8500000e+02
   1.9315554e-01   8.3816121e-01   1.8500000e+02
   1.2364148e-01   8.8103881e-01   1.8500000e+02
   1.5000230e+00   3.2997785e-02   1.8600000e+02
   9.3865280e-01   3.6993827e-01   1.8600000e+02
   9.1256937e-01   3.8559383e-01   1.8600000e+02
   9.0007425e-01   3.9309354e-01   1.8600000e+02
   8.3258052e-01   4.3360401e-01   1.8600000e+02
   7.5820137e-01   4.7824718e-01   1.8600000e+02
   5.5232749e-01   6.0181492e-01   1.8600000e+02
   5.1752995e-01   6.2270078e-01   1.8600000e+02
   4.7139304e-01   6.5039265e-01   1.8600000e+02
   1.2105477e+00   2.0285739e-01   1.8700000e+02
   1.1539501e+00   2.3590153e-01   1.8700000e+02
   1.0818836e+00   2.7797697e-01   1.8700000e+02
   9.9110825e-01   3.3097549e-01   1.8700000e+02
   9.8636764e-01   3.3374327e-01   1.8700000e+02
   8.0607654e-01   4.3900487e-01   1.8700000e+02
   5.0532124e-01   6.1459860e-01   1.8700000e+02
   5.0514764e-01   6.1469996e-01   1.8700000e+02
   2.8924282e-01   7.4075436e-01   1.8700000e+02
   1.4630417e+00   5.5611315e-02   1.8800000e+02
   1.2731474e+00   1.6341514e-01   1.8800000e+02
   1.2271107e+00   1.8955035e-01   1.8800000e+02
   1.1431964e+00   2.3718888e-01   1.8800000e+02
   8.8673576e-01   3.8278264e-01   1.8800000e+02
   7.3496824e-01   4.6894170e-01   1.8800000e+02
   6.7488804e-01   5.0304948e-01   1.8800000e+02
   5.7595881e-01   5.5921202e-01   1.8800000e+02
   1.5240818e+00   2.2026331e-02   1.8900000e+02
   1.4915928e+00   3.9953302e-02   1.8900000e+02
   1.4658287e+00   5.4169583e-02   1.8900000e+02
   1.2642630e+00   1.6539082e-01   1.8900000e+02
   8.4124158e-01   3.9880832e-01   1.8900000e+02
   7.1027940e-01   4.7107148e-01   1.8900000e+02
   6.3917869e-01   5.1030389e-01   1.8900000e+02
   5.5755576e-01   5.5534232e-01   1.8900000e+02
   1.4452511e+00   6.5267180e-02   1.9000000e+02
   1.3597979e+00   1.1107694e-01   1.9000000e+02
   1.2629018e+00   1.6302105e-01   1.9000000e+02
   1.1519776e+00   2.2248530e-01   1.9000000e+02
   1.1384053e+00   2.2976115e-01   1.9000000e+02
   1.0605987e+00   2.7147172e-01   1.9000000e+02
   9.4759435e-01   3.3205114e-01   1.9000000e+02
   8.9936567e-01   3.5790558e-01   1.9000000e+02
   1.5377949e+00   1.6765229e-02   1.9100000e+02
   1.5125398e+00   2.9912467e-02   1.9100000e+02
   1.1411755e+00   2.2323611e-01   1.9100000e+02
   1.1050025e+00   2.4206694e-01   1.9100000e+02
   1.0644202e+00   2.6319313e-01   1.9100000e+02
   1.0028624e+00   2.9523870e-01   1.9100000e+02
   6.9107420e-01   4.5754840e-01   1.9100000e+02
   4.2727495e-01   5.9487618e-01   1.9100000e+02
   1.5685805e+00   2.2330403e-03   1.9200000e+02
   1.5302438e+00   2.1603334e-02   1.9200000e+02
   1.4197819e+00   7.7416157e-02   1.9200000e+02
   1.4167153e+00   7.8965609e-02   1.9200000e+02
   1.2166614e+00   1.8004643e-01   1.9200000e+02
   7.0533000e-01   4.3840573e-01   1.9200000e+02
   5.7185689e-01   5.0584540e-01   1.9200000e+02
   5.2776355e-01   5.2812434e-01   1.9200000e+02
   1.3618472e+00   1.0496598e-01   1.9300000e+02
   1.3219830e+00   1.2450520e-01   1.9300000e+02
   1.2459489e+00   1.6177294e-01   1.9300000e+02
   1.1974586e+00   1.8554024e-01   1.9300000e+02
   1.0473430e+00   2.5911868e-01   1.9300000e+02
   1.0312852e+00   2.6698934e-01   1.9300000e+02
   6.7714271e-01   4.4057057e-01   1.9300000e+02
   4.9379306e-01   5.3043852e-01   1.9300000e+02
   1.0476009e+00   2.5252146e-01   1.9400000e+02
   1.0309642e+00   2.6042728e-01   1.9400000e+02
   9.9918707e-01   2.7552779e-01   1.9400000e+02
   9.4077540e-01   3.0328508e-01   1.9400000e+02
   9.2384581e-01   3.1133004e-01   1.9400000e+02
   8.0064879e-01   3.6987341e-01   1.9400000e+02
   7.9305066e-01   3.7348405e-01   1.9400000e+02
   4.5196119e-01   5.3557017e-01   1.9400000e+02
   1.4782187e+00   4.7783866e-02   1.9500000e+02
   1.2256516e+00   1.6407288e-01   1.9500000e+02
   1.0306578e+00   2.5385356e-01   1.9500000e+02
   7.9730646e-01   3.6129514e-01   1.9500000e+02
   6.5777339e-01   4.2554012e-01   1.9500000e+02
   6.0384604e-01   4.5036980e-01   1.9500000e+02
   5.6826147e-01   4.6675394e-01   1.9500000e+02
   4.7253675e-01   5.1082831e-01   1.9500000e+02
   1.4793013e+00   4.7122526e-02   1.9600000e+02
   1.2475889e+00   1.5042442e-01   1.9600000e+02
   1.2472222e+00   1.5058793e-01   1.9600000e+02
   1.2354561e+00   1.5583349e-01   1.9600000e+02
   1.0920289e+00   2.1977611e-01   1.9600000e+02
   9.7765906e-01   2.7076441e-01   1.9600000e+02
   8.8698822e-01   3.1118724e-01   1.9600000e+02
   8.4966327e-01   3.2782742e-01   1.9600000e+02
   1.5650629e+00   9.8943351e-03   1.9700000e+02
   1.5423505e+00   1.9691724e-02   1.9700000e+02
   1.5094183e+00   3.3897581e-02   1.9700000e+02
   1.4201996e+00   7.2383640e-02   1.9700000e+02
   1.2343958e+00   1.5253339e-01   1.9700000e+02
   1.1223839e+00   2.0085171e-01   1.9700000e+02
   1.0164865e+00   2.4653244e-01   1.9700000e+02
   9.0795667e-01   2.9334867e-01   1.9700000e+02
   1.5721731e+00   7.8520680e-03   1.9800000e+02
   1.4108813e+00   7.5121399e-02   1.9800000e+02
   1.2429893e+00   1.4514347e-01   1.9800000e+02
   1.1178303e+00   1.9734304e-01   1.9800000e+02
   1.1007703e+00   2.0445819e-01   1.9800000e+02
   9.9538414e-01   2.4841120e-01   1.9800000e+02
   9.5382472e-01   2.6574423e-01   1.9800000e+02
   8.4926432e-01   3.0935283e-01   1.9800000e+02
   1.5823803e+00   4.6816840e-03   1.9900000e+02
   1.2836235e+00   1.2505334e-01   1.9900000e+02
   1.1576289e+00   1.7581764e-01   1.9900000e+02
   1.0724552e+00   2.1013484e-01   1.9900000e+02
   9.0235222e-01   2.7867077e-01   1.9900000e+02
   8.9595971e-01   2.8124636e-01   1.9900000e+02
   8.4480906e-01   3.0185539e-01   1.9900000e+02
   5.8894119e-01   4.0494673e-01   1.9900000e+02
   1.5292369e+00   2.6352274e-02   2.0000000e+02
   1.4431010e+00   5.9849562e-02   2.0000000e+02
   1.3783122e+00   8.5045153e-02   2.0000000e+02
   8.8385488e-01   2.7733392e-01   2.0000000e+02
   7.9055939e-01   3.1361546e-01   2.0000000e+02
   7.4511984e-01   3.3128637e-01   2.0000000e+02
   6.6178226e-01   3.6369540e-01   2.0000000e+02
   3.3785471e-01   4.8966709e-01   2.0000000e+02
   1.4865801e+00   4.2532475e-02   2.0100000e+02
   1.4724715e+00   4.7823193e-02   2.0100000e+02
   1.4262434e+00   6.5158731e-02   2.0100000e+02
   1.1327561e+00   1.7521644e-01   2.0100000e+02
   1.0824936e+00   1.9406491e-01   2.0100000e+02
   9.2496767e-01   2.5313712e-01   2.0100000e+02
   9.0708345e-01   2.5984371e-01   2.0100000e+02
   5.2565186e-01   4.0288055e-01   2.0100000e+02
